037242214637
020351901516
020181901516
066181901516
123032001516
037442113015
107462011685
132632011685
067762214103
136372114103
057101807612
047182011624
163392108040
140322011469
192362112086
116022011685
111172114059
015152213686
067772212086
034692212086
034732213686
192292113686
103902314059
017531601516
034702212086
034752213686
008082002910
005132315325
050561912086
140352011685
015102213686
142312212086
015732201516
014262201516
015132213686
181522001516
192382112086
015052212086
015192213686
061542313686
140382011469
192242113686
165802112505
144482312505
018090704148
183222013495
037192214637
033732113015
023921006228
030992212086
011632214558
061661902381
103052011469
015112213686
156472013120
192142114103
056001603518
033341501749
002200401403
062662011296
176812108040
013052201516
090682208040
074881911296
128712214891
167562212308
192272114103
192162114103
176022314103
002190401403
031042212086
015122213686
015222213686
124332212086
002720401403
140542013015
140562013015
132622011469
009032214072
008150903438
108922214103
134002113363
047492314059
054582314059
192222113686
034722212086
001652212086
034772213686
031002212086
015182213686
100792212086
140272113363
017541601516
024261507745
108202001516
015742201516
019641706024
183102112308
192352112086
229892315117
003250501403
003260501403
192282113686
154002214072
093042204444
029181809518
002090905131
007441101385
148542013388
156482013120
037352108521
028221203438
036052012865
000811005099
003250400906
017551601516
098132011624
080411809518
068251811778
002830904998
000920700637
010210400691
007000700637
013050300906
000790500691
023931006228
085981703248
049932001684
104612012827
176162013548
127742203390
121742208040
156902204444
169542114418
169702214786
197792214891
020031907612
007080402319
005641403883
024320804961
017651302599
005741801516
123172012827
016840602119
026651504252
043651804860
060311811173
052352012827
031052212086
015272213686
031112212086
041422311034
110072315325
002480300528
012780603389
074011904852
005740401403
096061905692
145432013015
150812114103
000940700637
017190901295
009481501516
012540500691
026131811343
031092212086
015292213686
105452312308
230092315117
007010200933
020650601801
018941502380
020151601749
021511601749
011551802852
177912114059
081732214185
009420401403
011940401403
061531610196
008002010818
167312114099
129712304444
170482314103
042271801516
012120301403
011970502873
000800500691
025350804998
016581601749
028671000905
074011701086
026381811296
084131911296
015242213686
031022212086
191572108040
013042201516
014812201516
015212213686
015702201516
086242212086
124342212086
086252213686
006572301268
045112314103
129912304444
030642214185
019260700906
002210401403
000530301684
062501904487
051992214059
001760301801
123182011469
053522103436
075272212308
067822213686
125882311034
022551601699
022561601699
009781501086
012110301403
004841207745
004851207745
022571601699
013182012435
130972003248
182592001086
123812005812
136342114103
015232213686
209842213363
004872108867
110942307849
174962307849
002831301086
041701305099
036771408818
144252212750
162612311034
000831005099
000930700637
005110201535
012530500691
012190500554
028231203438
042921307745
084271912607
071281912502
025092113742
061702113610
003292113610
186112114413
015572201516
041402311034
040952314059
109542304444
165342307849
175052307849
174932307849
054461903722
053541911469
146962113363
020330101511
004190904050
028410800502
003621106084
003611106084
003790900502
028201203438
031851301086
186082113686
077642213363
111472012308
111442012308
020320101511
026410801295
004410402287
009820301403
009140301403
009130301403
014360602599
012110501403
050501803986
048851605835
192202113686
034712212086
034762213686
081162213363
108932214413
176512204444
171752204444
133182214185
100262314103
098852314103
110132304444
174882307849
174912307849
174862307849
009160301403
058881705835
121642011685
121892012305
142092011685
183012114103
098242213186
030852212505
108962214103
194142210416
188552312308
033561309773
009100301403
022651501094
006481901086
033541902220
032252113598
024802112827
060192112827
077502210376
051451701967
175092307849
175072307849
000550200933
005741308818
001740301801
019750905534
012621501086
066551810386
137462011512
174202013537
192342112086
079212314185
051691911044
035781308818
006300700554
010801201684
008821506353
008891506353
014110501979
020161309217
020871508748
005711509558
035201305099
033311702482
043101903330
074811902850
072811903248
001362012435
115282005812
123782005812
113662013219
007982101699
019662112308
044862113690
014922113690
111232113727
081172111282
091882111548
007021911398
186172113686
065872213363
093052204444
037222214637
101562214925
101612214925
131632214786
133832214786
108872214103
109032214103
209952213654
176522207780
041512314925
060502303589
061562313686
095402309714
230142313887
030702214185
007290201293
009400500324
005361106801
008930903433
014581603741
070011701323
076781808867
038761907194
117482009518
108322001086
113652013219
148762013015
013672113015
148782013015
148792013015
184792013196
074512214466
025102314103
038151304835
003381104252
003540301705
006100703809
007350301705
006051401699
012500300691
015170601295
001350601979
028121001086
010311203438
017970905344
027220905344
031561200380
050531912086
019232105692
095522111296
110052213346
006472008591
109082214103
039402311871
020522313887
230712313887
014090704009
008010905303
001960301801
009611602852
007771402119
025781505099
029441604835
086681802852
007262113665
040502200160
135822214072
167572212308
157712214925
089762314786
055172314059
068481703270
190922314795
190562314795
204882312008
164652312308
052151912184
143162013363
191792314795
041881303215
001670904998
003340300691
007950201705
008911204148
009191501516
009351501516
012490300691
017601401516
016991401516
012731207941
020200704119
020321401516
025701005344
023280802796
027731200380
016791003036
037761501749
049101501699
049111501699
002691601699
062101601516
062681903119
074511900160
080781912595
097671903554
074731903358
005182012750
026842012865
026852012865
036161103518
132612013196
107392013196
135472013331
134282005812
153762013109
018192101699
132352113889
015172213686
003942212865
154762114103
123592204902
186032214059
039562304902
213012214103
061982314497
105442312308
105432312308
074322304902
152312313528
167552312308
159372314103
111592314103
167672312308
190302304902
121162314286
211002316220
052131912184
181652012308
183122112308
183062112308
181232012308
181242012308
153802004042
237962311871
001191403208
003641204220
002140601936
000840200933
003080500691
002841403208
034731105303
006590301705
011120601610
012001103878
001550601979
021160701806
014200501403
001500800324
003791002904
021761100933
023571104961
019281002856
022320905344
014011205304
042691606373
045021708724
026091811343
057091805099
031181902119
052141912184
024691703518
182602001086
046462214695
098252213186
115532314733
011511104245
013700800554
001770600324
000621200424
002000703518
021491203257
004900602443
044181403519
005210401680
004640201680
011210201295
012550500691
024211006027
033501103878
020211102096
004601304145
043461302337
042581507809
049091501699
041861603155
082431704148
075541703741
028361806373
047361507782
001021911296
051711911044
061451912116
084021911296
005151802884
036002009540
166022013495
184802013196
121882012750
153962013218
027811105124
140292113363
078782108521
025812208040
066192112505
092962211410
086832211410
092952211410
128722113363
087792211410
093062204444
086822211410
087802211410
149962214072
035011811037
119462214925
040591810054
048792314286
020732313887
024282314497
054572314059
138632314286
114242313346
236412307682
028302212505
007290700324
007070201293
022411402119
001710301801
017601006228
013730804626
013261001801
025731208253
030851000422
029691300528
028921603195
049471601086
078531705567
076481801086
080441909773
087782011624
136852012750
041092111034
132342113889
097502203372
149352215069
128812113363
156502316028
012871409253
134992113463
011501104245
038631208593
041951305099
041661302028
007450700324
007730200691
007170700324
008391106852
007921005344
008010201705
009520301705
012561103930
013111405309
006201501699
018750602161
014831300554
018120704148
027901101699
007630802904
026461005344
023651308912
017161601749
016281107040
023601506158
019221503257
049121501699
048661609629
001201601699
009831703085
067871710489
068051811762
011041905099
053981906379
026662003248
076861911296
088731904252
026032003722
003852012298
054432001968
137032008504
137522012298
066142012298
129022012305
091612012930
093202008504
162192011034
170112008504
141192008504
141212008504
141242008504
141282008504
037122110741
162182011034
174382012298
037132110741
102562101456
192212114103
186292114185
164002109184
050352208504
055812201086
077402213363
086772213686
077072213363
086782212086
119132206086
135692207849
133172214185
156882114323
207522205567
119142211871
074742210771
015072314185
020602307849
020682307849
034802307849
004022314185
011532314185
209862213654
210922207849
020672307849
025212313686
015062314496
020662307849
025252312086
034782307849
207982213363
044122304902
043582300921
052582315609
100282305567
061522315274
121102314925
119922309714
120942304902
157502113887
164812312308
002451509713
230752315609
174982307849
233592312660
002200600324
019480603618
001700901806
002511001684
002501001684
020571105885
007980700324
007990700324
009950600324
010321001086
010990600256
010871306852
010520903618
011350600256
010980201705
013820300691
013380301705
011770900906
017591006228
025330905238
022821203701
029231206228
030661000905
025881504950
023471309311
042831502010
038801602119
043541600900
034811703878
033421700160
045611706373
005921802041
017861802925
027891802703
018440702543
022161903852
051111911762
029881911767
031131902119
052811905639
065761911512
067302009311
085682012827
131112012305
131172012305
108822001993
131092012305
131182012305
059942108040
136352114103
146442112094
045452108040
070072112308
151492108040
153182113727
152332108040
018272206024
152362108040
134122214072
178132214786
007652314200
048532314925
126592314286
174852307849
191292314385
165332307849
175022307849
069972112505
188592302337
001070804009
000821403208
001990703518
002820201602
002831403208
006310500554
006910600554
003451003846
027600800352
007070301705
005980201535
008340702161
009391001699
009401101244
013840300691
001680301801
000050301535
009060905043
005051207745
001750301801
014881005344
011201502061
020660700956
005081207745
011891305072
003431003846
024281006084
033441005080
027381200422
033411005080
032701208440
038801200762
037381502220
054631605835
018141701684
020371607205
044641802096
028671801572
038101409914
087421810328
033041912208
082671912607
051152009445
040822011034
049912001684
137072011624
068342001086
136892013120
117492005812
028722107849
142102012750
145142011575
075992113986
083122112308
118532113218
107302112750
022292113727
028702107849
029232102845
028692107849
075732113727
147942102369
092072214466
136132205567
149602215123
119172211871
136152210771
034702307849
034722307849
066172315667
064491610239
099632313528
089742311871
034712307849
034792307849
130652305988
074782113978
028312214418
189272312881
221292312523
212842300422
216912302845
000251301086
041121404860
035231202720
006901502720
007551207809
011650600324
008951207382
007460802618
016370700324
014170501403
014180501403
013390501988
022261203701
008401408996
032851000905
030731201537
030531403519
021901601613
040611607632
044431509558
033581607632
027081710032
069791701684
053261800160
076921902482
115012012720
114992012720
060182112827
134762112298
186352113811
192172114103
186462113811
143812112298
147082112750
186102114413
143792112298
186312113811
067782213686
068192202850
067802213686
081722204450
108022212298
108862214103
117882212094
135702214013
108912214103
136362214466
210342212523
029442314022
072452314059
041372311034
212762214103
159342010771
077152312298
084392314059
089582308718
068592113924
153772313686
077082300394
115712112671
172332310561
200872314774
227862314795
050232108521
011150603336
011160603336
001581003430
002200301705
018371100256
002071004280
002800301705
003550301705
003530301705
037741501749
007760603237
004810300328
004051401602
003340501403
005060402298
005070402298
006631401261
043071307105
004620904701
033641205080
005520804380
007991005344
007631402323
006000201535
007340301705
007840700554
007970201705
037951204861
008880301705
009120301403
008000201705
007100201535
009180301403
010720300554
009350301705
007890802481
008601204220
011581401516
010440300380
012011404893
013120602715
013320701705
009990201705
009290501256
010000201705
011230201806
013860300691
013850300691
003611701967
013810300691
014770700324
014211405502
013420301705
004111207290
014981005344
017660601936
017960800324
003481003846
004751207745
014671405502
014631405502
006831200256
016090901936
003391003846
027871101699
003401003846
003461003846
014681405502
018510804731
003471003846
018210801684
014661405502
017270902131
017950905344
016621309110
002341500164
019160905344
011701405191
018341302744
006811200256
017130903257
021231203701
016541502481
017910905344
022411300554
020290804252
017930905344
016381309110
023671005344
003441003846
022421300554
028951005344
026291005344
020861501516
027391407745
022221406966
030301107382
003411003846
003421003846
031311005080
019600801699
016361003036
030291004252
023761206008
033351005080
030121203053
000731207281
030030905099
025790902119
025281502323
030931402211
036581207745
033331005080
035671303524
035031107503
040881303215
034131501086
001081501699
048861601086
053111601138